0 [300] [300]
1 [300.91966278] [300.72303496]
2 [300.73449764] [300.3810944]
3 [300.77484653] [300.65197335]
4 [300.49375812] [300.49386326]
5 [300.29694951] [300.4028163]
6 [300.80499424] [300.85400398]
7 [300.44310277] [300.12066449]
8 [300.85496016] [300.89790026]
9 [300.93033013] [300.32096369]
10 [300.18907797] [300.18102287]
11 [300.6013896] [300.29968848]
12 [300.35492164] [300.02827097]
13 [300.59295023] [300.23887739]
14 [300.77363289] [300.18750265]
0.21717965710218604 0.6552715507741593
