0 [300] [300]
1 [300.91966278] [300.72303496]
2 [300.82517169] [300.29111511]
3 [300.82769227] [300.96989454]
4 [300.03539108] [300.91272972]
5 [300.92093629] [300.80115214]
6 [300.92092156] [300.29778045]
7 [300.53744093] [300.54513009]
0 [300] [300]
1 [300.91966278] [300.72303496]
2 [300.82517169] [300.29111511]
3 [300.82769227] [300.96989454]
4 [300.03539108] [300.91272972]
5 [300.97856516] [300.50611498]
6 [300.48657324] [300.17918982]
7 [300.53162362] [300.066353]
8 [300.81855735] [300.57583]
9 [300.88443131] [300.34723204]
10 [300.15013893] [300.57213196]
11 [300.30263761] [300.07061381]
12 [300.66634896] [300.27677934]
13 [300.65857841] [300.95948865]
14 [300.19964173] [300.88767297]
0.0 0
0 [300] [300]
1 [300.91966278] [300.72303496]
2 [300.73451251] [300.38110077]
3 [300.14021873] [300.65929833]
4 [300.08488791] [300.61602143]
5 [300.49689289] [300.87176357]
6 [300.7971474] [300.29565958]
7 [300.36009571] [300.33382553]
8 [300.86932389] [300.22143979]
9 [300.96739411] [300.52792599]
10 [300.20706822] [300.26708181]
11 [300.60560675] [300.31634728]
12 [300.35248688] [300.01764864]
13 [300.59014367] [300.22521822]
14 [300.77165747] [300.17912473]
0.0 0
