0 [300] [300]
1 [300.91966278] [300.72303496]
2 [300.82517169] [300.29111511]
3 [300.82769227] [300.96989454]
4 [300.03539108] [300.91272972]
5 [300.97856516] [300.50611498]
6 [300.48657324] [300.17918982]
7 [300.53162362] [300.066353]
8 [300.81855735] [300.57583]
0 [300] [300]
1 [300] [300]
2 [300.7704918] [300.53944672]
3 [300.62934004] [300.832697]
4 [300.85740443] [300.00523476]
5 [300.47943097] [300.48142647]
6 [300.33911165] [300.34644865]
7 [300.90767464] [300.22206908]
8 [300.27515753] [300.88981007]
9 [300.32002423] [300.30196374]
10 [300.64392096] [300.39075158]
11 [300.62131657] [300.22482587]
12 [300.86645134] [300.91632076]
13 [300.49691952] [300.07568598]
14 [300.74629481] [300.78473003]
0 [300] [300]
1 [300] [300]
2 [300.7704918] [300.53944672]
3 [300.62934004] [300.832697]
4 [300.85740443] [300.00523476]
5 [300.47943097] [300.48142647]
6 [300.33911165] [300.34644865]
7 [300.90767464] [300.22206908]
8 [300.27515753] [300.88981007]
9 [300.32002423] [300.30196374]
10 [300.64392096] [300.39075158]
11 [300.62131657] [300.22482587]
12 [300.86645134] [300.91632076]
13 [300.49691952] [300.07568598]
14 [300.74629481] [300.78473003]
0 [300] [300]
1 [300] [300]
2 [300.7704918] [300.53944672]
3 [300.62934004] [300.832697]
4 [300.85740443] [300.00523476]
5 [300.47943097] [300.48142647]
0 [300] [300]
1 [300] [300]
2 [300.7704918] [300.53944672]
3 [300.62934004] [300.832697]
4 [300.85740443] [300.00523476]
5 [300.47943097] [300.48142647]
0 [300] [300]
1 [300.91966278] [300.72303496]
2 [300.82517169] [300.29111511]
3 [300.82769227] [300.96989454]
4 [300.03539108] [300.91272972]
5 [300.97856516] [300.50611498]
6 [300.48657324] [300.17918982]
7 [300.53162362] [300.066353]
8 [300.81855735] [300.57583]
9 [300.88443131] [300.34723204]
10 [300.15013893] [300.57213196]
11 [300.30263761] [300.07061381]
12 [300.66634896] [300.27677934]
13 [300.65857841] [300.95948865]
14 [300.19964173] [300.88767297]
0 [300] [300]
1 [300.91966278] [300.72303496]
2 [300.82517169] [300.29111511]
3 [300.82769227] [300.96989454]
4 [300.03539108] [300.91272972]
5 [300.97856516] [300.50611498]
6 [300.48657324] [300.17918982]
7 [300.53162362] [300.066353]
8 [300.81855735] [300.57583]
9 [300.88443131] [300.34723204]
10 [300.15013893] [300.57213196]
11 [300.30263761] [300.07061381]
12 [300.66634896] [300.27677934]
13 [300.65857841] [300.95948865]
14 [300.19964173] [300.88767297]
0 [300] [300]
1 [300.91966278] [300.72303496]
2 [300.82517169] [300.29111511]
3 [300.82769227] [300.96989454]
4 [300.03539108] [300.91272972]
5 [300.97856516] [300.50611498]
6 [300.48657324] [300.17918982]
7 [300.53162362] [300.066353]
8 [300.81855735] [300.57583]
9 [300.88443131] [300.34723204]
10 [300.15013893] [300.57213196]
11 [300.30263761] [300.07061381]
12 [300.66634896] [300.27677934]
13 [300.65857841] [300.95948865]
14 [300.19964173] [300.88767297]
0 [300] [300]
1 [300.91966278] [300.72303496]
2 [300.82517169] [300.29111511]
3 [300.82769227] [300.96989454]
4 [300.03539108] [300.91272972]
5 [300.97856516] [300.50611498]
6 [300.48657324] [300.17918982]
7 [300.53162362] [300.066353]
8 [300.81855735] [300.57583]
9 [300.88443131] [300.34723204]
10 [300.15013893] [300.57213196]
11 [300.30263761] [300.07061381]
12 [300.66634896] [300.27677934]
13 [300.65857841] [300.95948865]
14 [300.19964173] [300.88767297]
0 [300] [300]
1 [300.91966278] [300.72303496]
2 [300.82453748] [300.2910758]
3 [300.83007069] [300.96946165]
4 [300.03377318] [300.91514302]
5 [300.53645098] [300.50681621]
6 [300.84474048] [300.17959197]
7 [300.38913309] [300.06204797]
8 [300.8805643] [300.57642472]
9 [300.96879613] [300.34955817]
10 [300.20515082] [300.57003616]
11 [300.32850692] [300.06896242]
12 [300.67081928] [300.2770056]
13 [300.65814281] [300.96055672]
14 [300.19094838] [300.88599386]
0 [300] [300]
0 [300] [300]
0 [300] [300]
0 [300] [300]
0 [300] [300]
0 [300] [300]
0 [300] [300]
1 [300.91966278] [300.72303496]
2 [300.82453748] [300.2910758]
3 [300.83007069] [300.96946165]
4 [300.03377318] [300.91514302]
5 [300.53645098] [300.50681621]
6 [300.84474048] [300.17959197]
7 [300.38913309] [300.06204797]
8 [300.8805643] [300.57642472]
9 [300.96879613] [300.34955817]
10 [300.20515082] [300.57003616]
11 [300.32850692] [300.06896242]
12 [300.67081928] [300.2770056]
13 [300.65814281] [300.96055672]
14 [300.19094838] [300.88599386]
0 [300] [300]
1 [300.91966278] [300.72303496]
2 [300.82453748] [300.2910758]
3 [300.83007069] [300.96946165]
0 [300] [300]
0 [300] [300]
1 [300.91966278] [300.72303496]
2 [300.82453748] [300.2910758]
3 [300.83007069] [300.96946165]
4 [300.03377318] [300.91514302]
5 [300.53645098] [300.50681621]
6 [300.84474048] [300.17959197]
7 [300.38913309] [300.06204797]
8 [300.8805643] [300.57642472]
9 [300.96879613] [300.34955817]
10 [300.20515082] [300.57003616]
11 [300.32850692] [300.06896242]
12 [300.67081928] [300.2770056]
13 [300.65814281] [300.96055672]
14 [300.19094838] [300.88599386]
0 [300] [300]
1 [300.91966278] [300.72303496]
2 [300.82453748] [300.2910758]
3 [300.37209874] [300.15013767]
4 [300.02722927] [300.083637]
0 [300] [300]
1 [300.91966278] [300.72303496]
2 [300.73451251] [300.38110077]
3 [300.14021873] [300.65929833]
4 [300.08488791] [300.61602143]
5 [300.49689289] [300.87176357]
6 [300.7971474] [300.29565958]
7 [300.36009571] [300.33382553]
8 [300.86932389] [300.22143979]
9 [300.96739411] [300.52792599]
10 [300.20706822] [300.26708181]
11 [300.60560675] [300.31634728]
12 [300.35248688] [300.01764864]
13 [300.59014367] [300.22521822]
14 [300.77165747] [300.17912473]
0 [300] [300]
1 [300.91966278] [300.72303496]
2 [300.73451251] [300.38110077]
3 [300.14021873] [300.65929833]
4 [300.08488791] [300.61602143]
5 [300.49689289] [300.87176357]
6 [300.7971474] [300.29565958]
7 [300.36009571] [300.33382553]
8 [300.86932389] [300.22143979]
9 [300.96739411] [300.52792599]
10 [300.20706822] [300.26708181]
11 [300.60560675] [300.31634728]
12 [300.35248688] [300.01764864]
13 [300.59014367] [300.22521822]
14 [300.77165747] [300.17912473]
0 [300] [300]
1 [300.91966278] [300.72303496]
2 [300.73451251] [300.38110077]
3 [300.14021873] [300.65929833]
4 [300.08488791] [300.61602143]
5 [300.49689289] [300.87176357]
6 [300.7971474] [300.29565958]
7 [300.36009571] [300.33382553]
8 [300.86932389] [300.22143979]
9 [300.96739411] [300.52792599]
10 [300.20706822] [300.26708181]
11 [300.60560675] [300.31634728]
12 [300.35248688] [300.01764864]
13 [300.59014367] [300.22521822]
14 [300.77165747] [300.17912473]
0 [300] [300]
1 [300.91966278] [300.72303496]
2 [300.73451251] [300.38110077]
3 [300.14021873] [300.65929833]
4 [300.08488791] [300.61602143]
5 [300.49689289] [300.87176357]
6 [300.7971474] [300.29565958]
7 [300.36009571] [300.33382553]
8 [300.86932389] [300.22143979]
9 [300.96739411] [300.52792599]
10 [300.20706822] [300.26708181]
11 [300.60560675] [300.31634728]
12 [300.35248688] [300.01764864]
13 [300.59014367] [300.22521822]
14 [300.77165747] [300.17912473]
