0 [300] [300]
1 [300] [300]
2 [300.7704918] [300.53944672]
3 [300.62934004] [300.832697]
4 [300.85740443] [300.00523476]
5 [300.47943097] [300.48142647]
6 [300.33911165] [300.34644865]
7 [300.90767464] [300.22206908]
8 [300.27515753] [300.88981007]
9 [300.32002423] [300.30196374]
10 [300.64392096] [300.39075158]
0 [300] [300]
1 [300.91966278] [300.72303496]
2 [300.82517169] [300.29111511]
0 [300] [300]
1 [300.91966278] [300.72303496]
2 [300.82517169] [300.29111511]
3 [300.04631652] [300.3681421]
4 [300.27522773] [300.0632485]
5 [300.45401947] [300.66205231]
6 [300.49245479] [300.51745678]
7 [300.65284239] [300.04484298]
8 [300.9079926] [300.46011537]
9 [300.92956445] [300.25770149]
10 [300.16488574] [300.52858834]
11 [300.30265636] [300.05874909]
12 [300.66227307] [300.27882982]
13 [300.65514617] [300.96447206]
14 [300.19789365] [300.89128293]
0.2131039452457727 0.9862322510933558
0 [300] [300]
1 [300.91966278] [300.72303496]
2 [300.82517169] [300.29111511]
0 [300] [300]
1 [300.91966278] [300.72303496]
2 [300.82517169] [300.29111511]
3 [300.82769227] [300.96989454]
4 [300.03539108] [300.91272972]
5 [300.97856516] [300.50611498]
6 [300.48657324] [300.17918982]
7 [300.53162362] [300.066353]
8 [300.81855735] [300.57583]
9 [300.88443131] [300.34723204]
10 [300.15013893] [300.57213196]
11 [300.30263761] [300.07061381]
12 [300.66634896] [300.27677934]
13 [300.65857841] [300.95948865]
14 [300.19964173] [300.88767297]
0.0 0
0 [300] [300]
1 [300.91966278] [300.72303496]
2 [300.82453748] [300.2910758]
3 [300.83007069] [300.96946165]
4 [300.03377318] [300.91514302]
5 [300.53645098] [300.50681621]
6 [300.84474048] [300.17959197]
7 [300.38913309] [300.06204797]
8 [300.8805643] [300.57642472]
9 [300.96879613] [300.34955817]
10 [300.20515082] [300.57003616]
11 [300.32850692] [300.06896242]
12 [300.67081928] [300.2770056]
13 [300.65814281] [300.96055672]
14 [300.19094838] [300.88599386]
0.0 0
0 [300] [300]
1 [300.91966278] [300.72303496]
2 [300.82453748] [300.2910758]
3 [300.83007069] [300.96946165]
4 [300.03377318] [300.91514302]
5 [300.53645098] [300.50681621]
6 [300.84474048] [300.17959197]
7 [300.38913309] [300.06204797]
0 [300] [300]
1 [300.91966278] [300.72303496]
2 [300.82453748] [300.2910758]
0 [300] [300]
1 [300.91966278] [300.72303496]
2 [300.73451251] [300.38110077]
3 [300.14021873] [300.65929833]
4 [300.08488791] [300.61602143]
5 [300.49689289] [300.87176357]
6 [300.7971474] [300.29565958]
0 [300] [300]
1 [300.91966278] [300.72303496]
2 [300.73451251] [300.38110077]
3 [300.14021873] [300.65929833]
4 [300.08488791] [300.61602143]
0 [300] [300]
1 [300.91966278] [300.72303496]
2 [300.73451251] [300.38110077]
0 [300] [300]
1 [300.91966278] [300.72303496]
2 [300.73451251] [300.38110077]
3 [300.77607824] [300.64906388]
4 [300.38431421] [300.09710388]
5 [300.33674734] [300.61631438]
6 [300.85707234] [300.40986323]
7 [300.43116982] [300.50777712]
8 [300.90134529] [300.33310261]
9 [300.97816174] [300.57460373]
10 [300.20886581] [300.27520469]
11 [300.60422913] [300.31027261]
12 [300.35080765] [300.01034397]
13 [300.58910204] [300.22076964]
14 [300.77125305] [300.17740298]
0.13639192401617042 0.63594187327012
