0 [300] [300]
1 [300.91966278] [300.72303496]
2 [300.73449764] [300.3810944]
3 [300.77484653] [300.65197335]
4 [300.49375812] [300.49386326]
5 [300.29694951] [300.4028163]
6 [300.80499424] [300.85400398]
7 [300.39831991] [300.71060543]
8 [300.89505433] [300.52310443]
9 [300.65805984] [300.26156483]
10 [300.30081166] [300.21382123]
11 [300.75462105] [300.34231913]
12 [300.44765944] [300.05987442]
13 [300.62929377] [300.25241482]
14 [300.77988609] [300.18980096]
0.2280335811562179 0.6552715507741593
